token,tag,tag_STTS,lemma_gold,lemma_pred
Nun,ADV,ADV,nun,Nun
nahm,VERB,VVFIN,nehmen,nehmen
der,DET,ART,der,der
junge,ADJ,ADJA,jung,junger
Graf,NOUN,NN,Graf,Graf
wieder,ADV,ADV,wieder,wieder
das,DET,ART,der,das
Wort,NOUN,NN,Wort,Wort
.,PUNCT,$.,.,.
»,PUNCT,$(,»,»
Die,DET,ART,der,die
Sache,NOUN,NN,Sache,Sache
hat,AUX,VAFIN,haben,haben
sich,PRON,PRF,sich,sich
ja,ADV,ADV,ja,ja
für,ADP,APPR,für,für
Sie,PRON,PPER,Sie,Sie
durchaus,ADV,ADV,durchaus,durchaus
befriedigend,ADJ,ADJD,befriedigend,befriedigend
aufgeklärt,VERB,VVPP,aufklären,aufklären
",",PUNCT,"$,",",",","
Herr,NOUN,NN,Herr,Herr
Bilsfeld,PROPN,NE,Bilsfeld,Bilsfeld
",",PUNCT,"$,",",",","
«,PUNCT,$(,«,«
sagte,VERB,VVFIN,sagen,sagen
er,PRON,PPER,er,er
.,PUNCT,$.,.,.
»,PUNCT,$(,»,»
An,ADP,APPR,an,sein
der,DET,ART,der,die
Richtigkeit,NOUN,NN,Richtigkeit,Richtigkeit
der,DET,ART,der,die
Erzählung,NOUN,NN,Erzählung,Erzählung
ist,AUX,VAFIN,sein,sein
nicht,PART,PTKNEG,nicht,nicht
zu,PART,PTKZU,zu,zu
zweifeln,VERB,VVINF,zweifeln,zweifeln
.,PUNCT,$.,.,.
Die,DET,ART,der,die
falsche,ADJ,ADJA,falsch,falsch
Eintragung,NOUN,NN,Eintragung,Eintragung
ins,ADP,APPRART,in,in
Kirchenbuch,NOUN,NN,Kirchenbuch,Kirchenbuch
ist,AUX,VAFIN,sein,sein
freilich,ADV,ADV,freilich,freilich
nun,ADV,ADV,nun,nun
einmal,ADV,ADV,einmal,einmal
erfolgt,VERB,VVPP,erfolgen,erfolgen
",",PUNCT,"$,",",",","
der,DET,ART,der,der
Taufschein,NOUN,NN,Taufschein,Taufschein
muß,VERB,VMFIN,müssen,müssen
vorgelegt,VERB,VVPP,vorlegen,vorlegen
werden,AUX,VAINF,werden,werden
",",PUNCT,"$,",",",","
wenn,SCONJ,KOUS,wenn,wenn
das,DET,ART,der,das
Aufgebot,NOUN,NN,Aufgebot,Aufgebot
für,ADP,APPR,für,für
Paula,PROPN,NE,Paula,Paula
erfolgen,VERB,VVINF,erfolgen,erfolgen
soll,VERB,VMFIN,sollen,sollen
",",PUNCT,"$,",",",","
und,CONJ,KON,und,und
die,DET,ART,der,die
Einwilligung,NOUN,NN,Einwilligung,Einwilligung
der,DET,ART,der,der
Mutter,NOUN,NN,Mutter,Mutter
läßt,VERB,VVFIN,lassen,lassen
sich,PRON,PRF,sich,sich
dann,ADV,ADV,dann,dann
nicht,PART,PTKNEG,nicht,nicht
entbehren,VERB,VVINF,entbehren,entbehren
.,PUNCT,$.,.,.
Das,DET,ART,der,Das
einfachste,NOUN,NN,Einfachste,einfach
scheint,VERB,VVFIN,scheinen,scheinen
doch,ADV,ADV,doch,doch
",",PUNCT,"$,",",",","
wir,PRON,PPER,wir,wir
rühren,VERB,VVFIN,rühren,rühren
an,ADP,APPR,an,an
der,DET,ART,der,der
alten,ADJ,ADJA,alt,alt
Geschichte,NOUN,NN,Geschichte,Geschichte
gar,ADV,ADV,gar,gar
nicht,PART,PTKNEG,nicht,nicht
und,CONJ,KON,und,und
lassen,VERB,VVFIN,lassen,lassen
den,DET,ART,der,der
Taufschein,NOUN,NN,Taufschein,Taufschein
gelten,VERB,VVINF,gelten,gelten
",",PUNCT,"$,",",",","
soviel,ADV,ADV,soviel,soviel
er,PRON,PPER,er,er
gilt,VERB,VVFIN,gelten,gelten
.,PUNCT,$.,.,.
Ihre,DET,PPOSAT,Ihr,Ihre
Frau,NOUN,NN,Frau,Frau
erfüllt,VERB,VVFIN,erfüllen,erfüllen
die,DET,ART,der,die
Form,NOUN,NN,Form,Form
und,CONJ,KON,und,und
giebt,VERB,VVFIN,geben,geben
den,DET,ART,der,der
Konsens,NOUN,NN,Konsens,Konsens
.,PUNCT,$.,.,.
Mehr,PRON,PIS,mehr,mehr
verlangt,VERB,VVFIN,verlangen,verlangen
die,DET,ART,der,die
Behörde,NOUN,NN,Behörde,Behörde
nicht,PART,PTKNEG,nicht,nicht
",",PUNCT,"$,",",",","
als,SCONJ,KOUS,als,als
daß,SCONJ,KOUS,dass,daß
der,DET,ART,der,der
Form,NOUN,NN,Form,Form
genügt,VERB,VVPP,genügen,genügen
wird,AUX,VAFIN,werden,werden
.,PUNCT,$.,.,.
So,ADV,ADV,so,So
ruhig,ADJ,ADJD,ruhig,ruhig
aber,ADV,ADV,aber,aber
die,DET,ART,der,die
Tochter,NOUN,NN,Tochter,Tochter
blieb,VERB,VVFIN,bleiben,bleiben
",",PUNCT,"$,",",",","
so,ADV,ADV,so,so
bewegt,ADJ,ADJD,bewegt,bewegen
gebärdete,VERB,VVFIN,gebärden,gebärden
sich,PRON,PRF,sich,sich
der,DET,ART,der,der
Vater,NOUN,NN,Vater,Vater
.,PUNCT,$.,.,.
Plötzlich,ADV,ADV,plötzlich,Plötzlich
nahmen,VERB,VVFIN,nehmen,nehmen
aber,ADV,ADV,aber,aber
alle,PRON,PIS,alle,all
diese,DET,PDAT,dieser,dies
Verhältnisse,NOUN,NN,Verhältnis,Verhältnis
eine,DET,ART,ein,ein
neue,ADJ,ADJA,neu,neu
Gestalt,NOUN,NN,Gestalt,Gestalt
an,PART,PTKVZ,an,an
.,PUNCT,$.,.,.
Einige,DET,PIAT,einiger,Einig
Worte,NOUN,NN,Wort,Wort
",",PUNCT,"$,",",",","
welche,PRON,PRELS,welcher,welch
Uriel,PROPN,NE,Uriel,Uriel
eines,DET,ART,ein,ein
Abends,NOUN,NN,Abend,Abend
im,ADP,APPRART,in,im
Mondschein,NOUN,NN,Mondschein,Mondschein
mit,ADP,APPR,mit,mit
Judith,PROPN,NE,Judith,Judith
wechselte,VERB,VVFIN,wechseln,wechseln
",",PUNCT,"$,",",",","
gaben,VERB,VVFIN,geben,geb
dazu,ADV,PAV,dazu,dazu
die,DET,ART,der,die
Ursache,NOUN,NN,Ursache,Ursach
her,PART,PTKVZ,her,her
.,PUNCT,$.,.,.
Wir,PRON,PPER,wir,Wir
durchzogen,VERB,VVFIN,durchziehen,durchziehen
das,DET,ART,der,das
südliche,ADJ,ADJA,südlich,südlich
Deutschland,PROPN,NE,Deutschland,Deutschland
.,PUNCT,$.,.,.
In,ADP,APPR,in,In
einer,DET,ART,ein,eine
kleinen,ADJ,ADJA,klein,klein
Stadt,NOUN,NN,Stadt,Stadt
trafen,VERB,VVFIN,treffen,treffen
wir,PRON,PPER,wir,wir
auf,ADP,APPR,auf,auf
einen,DET,ART,ein,ein
italienischen,ADJ,ADJA,italienisch,italienisch
Tenor,NOUN,NN,Tenor,Tenor
",",PUNCT,"$,",",",","
der,PRON,PRELS,der,der
von,ADP,APPR,von,von
Mailand,PROPN,NE,Mailand,Mailand
nach,ADP,APPR,nach,nach
Berlin,PROPN,NE,Berlin,Berlin
wollte,VERB,VMFIN,wollen,wollen
.,PUNCT,$.,.,.
Meine,DET,PPOSAT,mein,mein
Damen,NOUN,NN,Dame,Dame
waren,AUX,VAFIN,sein,sein
entzückt,ADJ,ADJD,entzückt,erzücken
über,ADP,APPR,über,über
den,DET,ART,der,der
Landsmann,NOUN,NN,Landsmann,Landsmann
;,PUNCT,$.,;,;
er,PRON,PPER,er,er
trennte,VERB,VVFIN,trennen,trennen
sich,PRON,PRF,sich,sich
nicht,PART,PTKNEG,nicht,nicht
von,ADP,APPR,von,von
ihnen,PRON,PPER,sie,ihnen
",",PUNCT,"$,",",",","
vorzüglich,ADV,ADV,vorzüglich,vorzüglich
hielt,VERB,VVFIN,halten,halten
er,PRON,PPER,er,er
sich,PRON,PRF,sich,sich
an,ADP,APPR,an,an
Teresina,PROPN,NE,Teresina,Teresina
",",PUNCT,"$,",",",","
und,CONJ,KON,und,und
zu,ADP,APPR,zu,zu
meinem,DET,PPOSAT,mein,mein
nicht,PART,PTKNEG,nicht,nicht
geringen,ADJ,ADJA,gering,gering
Ärger,NOUN,NN,Ärger,Ärger
spielte,VERB,VVFIN,spielen,spielen
ich,PRON,PPER,ich,ich
eine,DET,ART,ein,ein
ziemlich,ADV,ADV,ziemlich,ziemlich
untergeordnete,ADJ,ADJA,untergeordnet,untergeordnet
Rolle,NOUN,NN,Rolle,Rolle
.,PUNCT,$.,.,.
Einst,ADV,ADV,einst,ein
wollte,VERB,VMFIN,wollen,wollen
ich,PRON,PPER,ich,ich
mit,ADP,APPR,mit,mit
einer,DET,ART,ein,ein
Partitur,NOUN,NN,Partitur,Partitur
unter,ADP,APPR,unter,unter
dem,DET,ART,der,der
Arm,NOUN,NN,Arm,Arm
gerade,ADV,ADV,gerade,gerade
ins,ADP,APPRART,in,in
Zimmer,NOUN,NN,Zimmer,Zimmer
treten,VERB,VVINF,treten,treten
",",PUNCT,"$,",",",","
als,SCONJ,KOUS,als,als
ich,PRON,PPER,ich,ich
drinnen,ADV,ADV,drinnen,drinnen
ein,DET,ART,ein,ein
lebhaftes,ADJ,ADJA,lebhaft,lebhaft
Gespräch,NOUN,NN,Gespräch,Gespräch
zwischen,ADP,APPR,zwischen,zwischen
meinen,DET,PPOSAT,mein,mein
Damen,NOUN,NN,Dame,Dame
und,CONJ,KON,und,und
dem,DET,ART,der,der
Tenor,NOUN,NN,Tenor,Tenor
vernahm,VERB,VVFIN,vernehmen,vernahmen
.,PUNCT,$.,.,.
Mein,DET,PPOSAT,mein,Mein
Name,NOUN,NN,Name,Name
wurde,AUX,VAFIN,werden,werden
genannt,VERB,VVPP,nennen,nennen
–,PUNCT,$(,-,–
ich,PRON,PPER,ich,ich
stutzte,VERB,VVFIN,stutzen,stutze
",",PUNCT,"$,",",",","
ich,PRON,PPER,ich,ich
horchte,VERB,VVFIN,horchen,horchen
.,PUNCT,$.,.,.
Das,DET,ART,der,Das
Italienische,NOUN,NN,Italienisch,Italienisch
verstand,VERB,VVFIN,verstehen,verstehen
ich,PRON,PPER,ich,ich
jetzt,ADV,ADV,jetzt,jetzt
so,ADV,ADV,so,so
gut,ADJ,ADJD,gut,gut
",",PUNCT,"$,",",",","
daß,SCONJ,KOUS,dass,dass
mir,PRON,PPER,ich,mir
kein,DET,PIAT,kein,kein
Wort,NOUN,NN,Wort,Wort
entging,VERB,VVFIN,entgehen,entgehen
.,PUNCT,$.,.,.
Teresina,PROPN,NE,Teresina,Teresina
bestätigte,VERB,VVFIN,bestätigen,bestätigen
dies,PRON,PDS,dieser,dies
zu,ADP,APPR,zu,zu
meinem,DET,PPOSAT,mein,mein
nicht,PART,PTKNEG,nicht,nicht
geringen,ADJ,ADJA,gering,gering
Erstaunen,NOUN,NN,Erstaunen,Erstaunen
.,PUNCT,$.,.,.
Einiges,DET,PIAT,einiger,Einig
Talent,NOUN,NN,Talent,Talent
ist,AUX,VAFIN,sein,sein
in,ADP,APPR,in,in
ihm,PRON,PPER,er,er
",",PUNCT,"$,",",",","
aber,CONJ,KON,aber,aber
er,PRON,PPER,er,er
muß,VERB,VMFIN,müssen,müssen
sich,PRON,PRF,sich,sich
aus,ADP,APPR,aus,aus
dem,DET,ART,der,der
Steifen,NOUN,NN,Steife,Steif
und,CONJ,KON,und,und
Ungelenken,NOUN,NN,Ungelenke,Ungelenk
herausarbeiten,VERB,VVINF,herausarbeiten,herausarbeiten
",",PUNCT,"$,",",",","
das,PRON,PRELS,der,das
den,DET,ART,der,der
Deutschen,NOUN,NN,Deutsche,Deutsch
eigen,ADJ,ADJD,eigen,eigen
.,PUNCT,$.,.,.
Ich,PRON,PPER,ich,Ich
hoffe,VERB,VVFIN,hoffen,hoffen
mir,PRON,PRF,ich,ich
aus,ADP,APPR,aus,aus
ihm,PRON,PPER,er,er
einen,DET,ART,ein,ein
Compositore,X,FM,Compositore,Compositore
zu,PART,PTKZU,zu,zu
bilden,VERB,VVINF,bilden,bilden
",",PUNCT,"$,",",",","
der,PRON,PRELS,der,der
mir,PRON,PPER,ich,ich
",",PUNCT,"$,",",",","
da,SCONJ,KOUS,da,da
wenig,PRON,PIS,wenig,wenig
für,ADP,APPR,für,für
den,DET,ART,der,den
Alt,NOUN,NN,Alt,Alt
geschrieben,VERB,VVPP,schreiben,schreiben
wird,AUX,VAFIN,werden,werden
",",PUNCT,"$,",",",","
einige,DET,PIAT,einiger,einige
tüchtige,ADJ,ADJA,tüchtig,tüchtig
Sachen,NOUN,NN,Sache,Sache
setzt,VERB,VVFIN,setzen,setzen
",",PUNCT,"$,",",",","
nachher,ADV,ADV,nachher,nachher
lasse,VERB,VVFIN,lassen,lassen
ich,PRON,PPER,ich,ich
ihn,PRON,PPER,er,er
laufen,VERB,VVINF,laufen,laufen
.,PUNCT,$.,.,.
Teresina,PROPN,NE,Teresina,Teresina
nahm,VERB,VVFIN,nehmen,nehmen
die,DET,ART,der,die
zweite,ADJ,ADJA,zweiter,zweit
Stimme,NOUN,NN,Stimme,Stimme
auf,PART,PTKVZ,auf,auf
",",PUNCT,"$,",",",","
und,CONJ,KON,und,und
beide,PRON,PIS,beide,beide
parodierten,VERB,VVFIN,parodieren,parodieren
in,ADP,APPR,in,in
Stimme,NOUN,NN,Stimme,Stimme
und,CONJ,KON,und,und
Vortrag,NOUN,NN,Vortrag,Vortrag
mich,PRON,PPER,ich,ich
auf,ADP,APPR,auf,auf
das,DET,ART,der,das
grausamste,NOUN,NN,Grausamste,grausam
.,PUNCT,$.,.,.
Der,DET,ART,der,Der
Tenor,NOUN,NN,Tenor,Tenor
lachte,VERB,VVFIN,lachen,lachen
",",PUNCT,"$,",",",","
daß,SCONJ,KOUS,dass,dass
es,PRON,PPER,es,es
im,ADP,APPRART,in,im
Zimmer,NOUN,NN,Zimmer,Zimmer
schallte,VERB,VVFIN,schallen,schallen
",",PUNCT,"$,",",",","
ein,DET,ART,ein,ein
Eisstrom,NOUN,NN,Eisstrom,Eisstrom
goß,VERB,VVFIN,gießen,gießen
sich,PRON,PRF,sich,sich
durch,ADP,APPR,durch,durch
meine,DET,PPOSAT,mein,mein
Glieder,NOUN,NN,Glied,Glied
–,PUNCT,$(,-,–
mein,DET,PPOSAT,mein,mein
Entschluß,NOUN,NN,Entschluss,Entschluss
war,AUX,VAFIN,sein,sein
gefaßt,VERB,VVPP,fassen,fassen
unwiderruflich,ADV,ADV,unwiderruflich,unwiderruflich
.,PUNCT,$.,.,.
Leise,ADJ,ADJD,leise,leise
schlich,VERB,VVFIN,schleichen,schleichen
ich,PRON,PPER,ich,ich
mich,PRON,PRF,ich,mich
fort,PART,PTKVZ,fort,fort
von,ADP,APPR,von,von
der,DET,ART,der,der
Tür,NOUN,NN,Tür,Tür
in,ADP,APPR,in,in
mein,DET,PPOSAT,mein,mein
Zimmer,NOUN,NN,Zimmer,Zimmer
zurück,ADV,ADV,zurück,zurück
",",PUNCT,"$,",",",","
dessen,DET,PRELAT,der,dessen
Fenster,NOUN,NN,Fenster,Fenster
in,ADP,APPR,in,in
die,DET,ART,der,die
Seitenstraße,NOUN,NN,Seitenstraße,Seitenstraße
gingen,VERB,VVFIN,gehen,gehen
.,PUNCT,$.,.,.
Gegenüber,ADV,ADV,gegenüber,Gegenübersehen
war,AUX,VAFIN,sein,war
die,DET,ART,der,die
Post,NOUN,NN,Post,Post
gelegen,VERB,VVPP,liegen,liegen
",",PUNCT,"$,",",",","
eben,ADV,ADV,eben,eben
fuhr,VERB,VVFIN,fahren,fahren
der,DET,ART,der,der
Bamberger,ADJ,ADJA,Bamberger,Bamberg
Postwagen,NOUN,NN,Postwagen,Postwagen
vor,PART,PTKVZ,vor,vor
",",PUNCT,"$,",",",","
der,PRON,PRELS,der,der
gepackt,VERB,VVPP,packen,packen
werden,AUX,VAINF,werden,werden
sollte,VERB,VMFIN,sollen,müssen
.,PUNCT,$.,.,.
Die,DET,ART,der,Die
Passagiere,NOUN,NN,Passagier,Passagier
standen,VERB,VVFIN,stehen,stehen
schon,ADV,ADV,schon,schon
vor,ADP,APPR,vor,vor
dem,DET,ART,der,dem
Torwege,NOUN,NN,Torweg,Torweg
",",PUNCT,"$,",",",","
doch,CONJ,KON,doch,doch
hatte,AUX,VAFIN,haben,haben
ich,PRON,PPER,ich,ich
noch,ADV,ADV,noch,noch
eine,DET,ART,ein,eine
Stunde,NOUN,NN,Stunde,Stunde
Zeit,NOUN,NN,Zeit,Zeit
.,PUNCT,$.,.,.
Schnell,ADJ,ADJD,schnell,Schnell
raffte,VERB,VVFIN,raffen,raffen
ich,PRON,PPER,ich,ich
meine,DET,PPOSAT,mein,mein
Sachen,NOUN,NN,Sache,Sache
zusammen,PART,PTKVZ,zusammen,zusammen
",",PUNCT,"$,",",",","
bezahlte,VERB,VVFIN,bezahlen,bezahlen
großmütig,ADJ,ADJD,großmütig,großmütig
die,DET,ART,der,die
ganze,ADJ,ADJA,ganz,ganz
Rechnung,NOUN,NN,Rechnung,Rechnung
im,ADP,APPRART,in,im
Gasthofe,NOUN,NN,Gasthof,Gasthof
und,CONJ,KON,und,und
eilte,VERB,VVFIN,eilen,eilen
nach,ADP,APPR,nach,nach
der,DET,ART,der,der
Post,NOUN,NN,Post,Post
.,PUNCT,$.,.,.
Als,SCONJ,KOUS,als,Als
ich,PRON,PPER,ich,ich
durch,ADP,APPR,durch,durch
die,DET,ART,der,die
breite,ADJ,ADJA,breit,breit
Straße,NOUN,NN,Straße,Straße
fuhr,VERB,VVFIN,fahren,fahren
",",PUNCT,"$,",",",","
sah,VERB,VVFIN,sehen,sehen
ich,PRON,PPER,ich,ich
meine,DET,PPOSAT,mein,mein
Damen,NOUN,NN,Dame,Damen
",",PUNCT,"$,",",",","
die,PRON,PRELS,der,die
mit,ADP,APPR,mit,mit
dem,DET,ART,der,dem
Tenor,NOUN,NN,Tenor,Tenor
noch,ADV,ADV,noch,noch
am,ADP,APPRART,an,am
Fenster,NOUN,NN,Fenster,Fenster
standen,VERB,VVFIN,stehen,stehen
und,CONJ,KON,und,und
sich,PRON,PRF,sich,sich
auf,ADP,APPR,auf,auf
den,DET,ART,der,den
Schall,NOUN,NN,Schall,Schall
des,DET,ART,der,des
Posthorns,NOUN,NN,Posthorn,Posthorn
herausbückten,VERB,VVFIN,herausbücken,herausbücken
.,PUNCT,$.,.,.
An,ADP,APPR,an,An
der,DET,ART,der,der
Spitze,NOUN,NN,Spitze,Spitze
die,DET,ART,der,die
drei,NUM,CARD,drei,drei
Tarockbrüder,NOUN,NN,Tarockbruder,Tarockbruder
mit,ADP,APPR,mit,mit
erschütterten,ADJ,ADJA,erschüttert,erschüttern
Mienen,NOUN,NN,Miene,Miene
.,PUNCT,$.,.,.
Du,PRON,PPER,du,Du
hast,AUX,VAFIN,haben,haben
meinetwegen,ADV,ADV,meinetwegen,meinetwegen
so,ADV,ADV,so,so
leiden,VERB,VVINF,leiden,leiden
müssen,VERB,VMINF,müssen,müssen
!,PUNCT,$.,!,!
Du,PRON,PPER,du,Du
mein,DET,PPOSAT,mein,mein
Liebling,NOUN,NN,Liebling,liebling
",",PUNCT,"$,",",",","
ich,PRON,PPER,ich,ich
weiß,VERB,VVFIN,wissen,wissen
nicht,PART,PTKNEG,nicht,nicht
",",PUNCT,"$,",",",","
wie,SCONJ,KOUS,wie,wie
ich,PRON,PPER,ich,ich
mich,PRON,PRF,ich,mich
für,ADP,APPR,für,für
so,ADV,ADV,so,so
viel,DET,PIAT,viel,viel
Bosheit,NOUN,NN,Bosheit,Bosheit
bestrafen,VERB,VVINF,bestrafen,bestrafen
kann,VERB,VMFIN,können,können
.,PUNCT,$.,.,.
Sie,PRON,PPER,sie,Sie
ist,AUX,VAFIN,sein,sein
eine,DET,ART,ein,ein
große,ADJ,ADJA,groß,groß
Seele,NOUN,NN,Seele,Seele
",",PUNCT,"$,",",",","
eine,DET,ART,ein,ein
edle,ADJ,ADJA,edel,edel
Seele,NOUN,NN,Seele,Seele
in,ADP,APPR,in,in
einem,DET,ART,ein,ein
schönen,ADJ,ADJA,schön,schön
Körper,NOUN,NN,Körper,Körper
!,PUNCT,$.,!,!
Sie,PRON,PPER,Sie,Sie
hab,AUX,VAFIN,haben,haben
ich,PRON,PPER,ich,ich
oft,ADJ,ADJD,oft,oft
gehört,VERB,VVPP,hören,gehören
.,PUNCT,$.,.,.
Sie,PRON,PPER,Sie,sie
kommen,VERB,VVFIN,kommen,kommen
ja,ADV,ADV,ja,ja
so,ADV,ADV,so,so
lange,ADJ,ADJD,lang,lang
schon,ADV,ADV,schon,schon
fast,ADV,ADV,fast,fast
alljährlich,ADV,ADV,alljährlich,alljährlich
nach,ADP,APPR,nach,nach
Wien,PROPN,NE,Wien,Wien
.,PUNCT,$.,.,.
Ich,PRON,PPER,ich,Ich
kenne,VERB,VVFIN,kennen,kennen
alle,DET,PIAT,aller,alle
Ihre,DET,PPOSAT,Ihr,Ihr
großen,ADJ,ADJA,groß,groß
Rollen,NOUN,NN,Rolle,Rolle
",",PUNCT,"$,",",",","
war,AUX,VAFIN,sein,sein
in,ADP,APPR,in,in
den,DET,ART,der,die
meisten,PRON,PIS,meiste,meist
Ihrer,DET,PPOSAT,Ihr,Ihrer
Konzerte,NOUN,NN,Konzert,Konzert
",",PUNCT,"$,",",",","
sagte,VERB,VVFIN,sagen,sagen
wie,CONJ,KOKOM,wie,wie
die,DET,ART,der,die
andern,PRON,PIS,anderer,anderer
auch,ADV,ADV,auch,auch
:,PUNCT,$.,:,:
»,PUNCT,$(,»,»
eine,DET,ART,ein,eine
geniale,ADJ,ADJA,genial,genial
Künstlerin,NOUN,NN,Künstler,Künstlerin
«,PUNCT,$(,«,«
.,PUNCT,$.,.,.
Auf,ADP,APPR,auf,auf
solch,DET,PIAT,solch,solch
einen,DET,ART,ein,ein
Menschen,NOUN,NN,Mensch,Mensch
hab,AUX,VAFIN,haben,haben
ich,PRON,PPER,ich,ich
mein,DET,PPOSAT,mein,mein
Lebelang,NOUN,NN,Lebelang,Leben
gewartet,VERB,VVPP,warten,warten
",",PUNCT,"$,",",",","
und,CONJ,KON,und,und
es,PRON,PPER,es,es
ist,AUX,VAFIN,sein,sein
ein,DET,ART,ein,ein
unbeschreibliches,ADJ,ADJA,unbeschreiblich,unbeschreiblich
Glück,NOUN,NN,Glück,Glück
",",PUNCT,"$,",",",","
daß,SCONJ,KOUS,dass,daß
ich,PRON,PPER,ich,ich
nicht,PART,PTKNEG,nicht,nicht
umsonst,ADV,ADV,umsonst,umsön
gewartet,VERB,VVPP,warten,warten
habe,AUX,VAFIN,haben,haben
.,PUNCT,$.,.,.
Der,DET,ART,der,Der
Politiker,NOUN,NN,Politiker,Politiker
blieb,VERB,VVFIN,bleiben,bleiben
zerstreut,ADJ,ADJD,zerstreut,zerstreut
stehen,VERB,VVINF,stehen,stehen
.,PUNCT,$.,.,.
Er,PRON,PPER,er,er
suchte,VERB,VVFIN,suchen,suchen
in,ADP,APPR,in,in
seinen,DET,PPOSAT,sein,sein
Taschen,NOUN,NN,Tasche,Tasche
nach,ADP,APPR,nach,nach
etwas,DET,PIAT,etwas,etwas
Kleingeld,NOUN,NN,Kleingeld,Kleingeld
",",PUNCT,"$,",",",","
aber,CONJ,KON,aber,aber
da,ADV,ADV,da,da
trat,VERB,VVFIN,treten,treten
ihm,PRON,PPER,er,ihm
Lehgarbe,PROPN,NE,Lehgarbe,Lehgarbe
schon,ADV,ADV,schon,schon
eilig,ADJ,ADJD,eilig,eilig
entgegen,ADP,APPO,entgegen,entgegen
.,PUNCT,$.,.,.
Sie,PRON,PPER,sie,sie
sah,VERB,VVFIN,sehen,sehen
ihn,PRON,PPER,er,er
so,ADV,ADV,so,so
verzückt,ADJ,ADJD,verzückt,verzückt
an,PART,PTKVZ,an,an
",",PUNCT,"$,",",",","
daß,SCONJ,KOUS,dass,daß
er,PRON,PPER,er,er
den,DET,ART,der,der
Satz,NOUN,NN,Satz,Satz
nicht,PART,PTKNEG,nicht,nicht
beendete,VERB,VVFIN,beenden,beenden
",",PUNCT,"$,",",",","
sondern,CONJ,KON,sondern,sondern
ihr,PRON,PPER,sie,ihr
die,DET,ART,der,die
Hand,NOUN,NN,Hand,Hand
küßte,VERB,VVFIN,küssen,küssen
.,PUNCT,$.,.,.
Die,DET,ART,der,die
Wahrheit,NOUN,NN,Wahrheit,Wahrheit
ist,AUX,VAFIN,sein,sein
",",PUNCT,"$,",",",","
daß,SCONJ,KOUS,dass,daß
ich,PRON,PPER,ich,ich
den,DET,ART,der,den
Simon,PROPN,NE,Simon,Simon
während,ADP,APPR,während,während
seiner,DET,PPOSAT,sein,seine
Soldatenzeit,NOUN,NN,Soldatenzeit,Soldatenzeit
nur,ADV,ADV,nur,nur
selten,ADJ,ADJD,selten,selten
und,CONJ,KON,und,und
im,ADP,APPRART,in,im
Fluge,NOUN,NN,Flug,Flug
gesehen,VERB,VVPP,sehen,sehen
",",PUNCT,"$,",",",","
da,SCONJ,KOUS,da,da
bald,ADV,ADV,bald,bald
nach,ADP,APPR,nach,nach
seinem,DET,PPOSAT,sein,sein
Eintritte,NOUN,NN,Eintritt,Eintritt
das,DET,ART,der,das
Regiment,NOUN,NN,Regiment,Regiment
in,ADP,APPR,in,in
einer,DET,ART,ein,eine
entlegeneren,ADJ,ADJA,entlegen,entlegene
Gegend,NOUN,NN,Gegend,Gegend
Quartier,NOUN,NN,Quartier,Quartier
bezog,VERB,VVFIN,beziehen,beziehen
",",PUNCT,"$,",",",","
und,CONJ,KON,und,und
daß,SCONJ,KOUS,dass,daß
es,PRON,PPER,es,es
mir,PRON,PPER,ich,mir
lieb,ADJ,ADJD,lieb,lieb
war,AUX,VAFIN,sein,sein
",",PUNCT,"$,",",",","
meine,DET,PPOSAT,mein,mein
Anfechtungen,NOUN,NN,Anfechtung,Anfechtung
ohne,ADP,APPR,ohne,ohne
seine,DET,PPOSAT,sein,sein
Zeugenschaft,NOUN,NN,Zeugenschaft,Zeugenschaft
durchzustreiten,VERB,VVIZU,durchstreiten,durchstreiten
.,PUNCT,$.,.,.
Allezeit,ADV,ADV,allezeit,Allezeit
aber,ADV,ADV,aber,aber
hat,AUX,VAFIN,haben,haben
er,PRON,PPER,er,er
im,ADP,APPRART,in,in
Hintergrunde,NOUN,NN,Hintergrund,Hintergrund
meiner,DET,PPOSAT,mein,mein
Gedanken,NOUN,NN,Gedanke,Gedanke
gestanden,VERB,VVPP,stehen,stehen
.,PUNCT,$.,.,.
Ich,PRON,PPER,ich,Ich
sputete,VERB,VVFIN,sputen,sputten
mich,PRON,PRF,ich,mich
darum,ADV,PAV,darum,darum
Nacht,NOUN,NN,Nacht,Nacht
wie,CONJ,KOKOM,wie,wie
Tag,NOUN,NN,Tag,Tag
",",PUNCT,"$,",",",","
um,SCONJ,KOUI,um,um
alles,PRON,PIS,alle,all
rein,ADJ,ADJD,rein,rein
und,CONJ,KON,und,und
ehrbar,ADJ,ADJD,ehrbar,ehrbar
hergestellt,VERB,VVPP,herstellen,herstellen
zu,PART,PTKZU,zu,zu
sehn,VERB,VVINF,sehen,sehen
",",PUNCT,"$,",",",","
wenn,SCONJ,KOUS,wenn,wenn
er,PRON,PPER,er,er
als,CONJ,KOKOM,als,als
Herr,NOUN,NN,Herr,Herr
einziehen,VERB,VVINF,einziehen,einziehen
werde,AUX,VAFIN,werden,werden
in,ADP,APPR,in,in
meiner,DET,PPOSAT,mein,mein
Väter,NOUN,NN,Vater,Vater
Hof,NOUN,NN,Hof,Hof
",",PUNCT,"$,",",",","
hatte,AUX,VAFIN,haben,haben
auch,ADV,ADV,auch,auch
niemals,ADV,ADV,niemals,niemals
einen,DET,ART,ein,ein
Arg,NOUN,NN,Arg,Arg
",",PUNCT,"$,",",",","
daß,SCONJ,KOUS,dass,dass
er,PRON,PPER,er,er
seinen,DET,PPOSAT,sein,sein
Leib,NOUN,NN,Leib,Leib
anders,ADV,ADV,anders,anders
als,CONJ,KOKOM,als,als
rein,ADJ,ADJD,rein,rein
und,CONJ,KON,und,und
ehrbar,ADJ,ADJD,ehrbar,ehrbar
erhalten,VERB,VVPP,erhalten,erhalten
haben,AUX,VAINF,haben,haben
werde,AUX,VAFIN,werden,werden
nach,ADP,APPR,nach,nach
seinem,DET,PPOSAT,sein,sein
Schwur,NOUN,NN,Schwur,Schwur
.,PUNCT,$.,.,.
Ich,PRON,PPER,ich,Ich
stritt,VERB,VVFIN,streiten,streiten
wider,ADP,APPR,wider,wider
die,DET,ART,der,die
Unart,NOUN,NN,Unart,Unart
der,DET,ART,der,der
andern,PRON,PIS,anderer,anderen
und,CONJ,KON,und,und
schaffte,VERB,VVFIN,schaffen,schaffen
für,ADP,APPR,für,für
mich,PRON,PPER,ich,mich
selbst,ADV,ADV,selbst,selbst
nach,ADP,APPR,nach,nach
eigner,ADJ,ADJA,eigen,eigener
Art,NOUN,NN,Art,Art
.,PUNCT,$.,.,.
Er,PRON,PPER,er,er
hatte,AUX,VAFIN,haben,haben
andern,PRON,PIS,anderer,andere
stillzuhalten,VERB,VVIZU,stillhalten,stillhalten
gegen,ADP,APPR,gegen,gegen
seine,DET,PPOSAT,sein,sein
Art,NOUN,NN,Art,Art
und,CONJ,KON,und,und
zu,PART,PTKZU,zu,zu
streiten,VERB,VVINF,streiten,streiten
wider,ADP,APPR,wider,wider
eigene,ADJ,ADJA,eigen,eigen
Unart,NOUN,NN,Unart,Unart
.,PUNCT,$.,.,.
Ich,PRON,PPER,ich,Ich
konnte,VERB,VMFIN,können,können
mich,PRON,PRF,ich,mich
behaupten,VERB,VVINF,behaupten,behaupten
",",PUNCT,"$,",",",","
denn,CONJ,KON,denn,denn
ich,PRON,PPER,ich,ich
war,AUX,VAFIN,sein,sein
richtig,ADJ,ADJD,richtig,richtig
gestellt,VERB,VVPP,stellen,stellen
",",PUNCT,"$,",",",","
aber,CONJ,KON,aber,aber
mein,DET,PPOSAT,mein,mein
harter,ADJ,ADJA,hart,hart
Sinn,NOUN,NN,Sinn,Sinn
am,PART,PTKA,am,am
wenigsten,ADJ,ADJD,wenig,wenig
würde,AUX,VAFIN,werden,würde
eine,DET,ART,ein,ein
Probe,NOUN,NN,Probe,Probe
wie,CONJ,KOKOM,wie,wie
die,DET,ART,der,der
seine,PRON,PPOSS,seiner,sein
bestanden,VERB,VVPP,bestehen,bestehen
haben,AUX,VAINF,haben,haben
.,PUNCT,$.,.,.
